I_A_U_V 
0.006626722790085295    73.37226349284988
0.5021990951771093    73.33400179788954
1.0122943302998408    74.07878560643324
1.5106540472414747    74.38046075471809
2.00726422946997    75.91116228492277
2.4976115473217693    75.67103044541828
3.007289029495939    75.20875355645768
3.499021364127101    76.29042975764102
3.9968929669976947    76.77716665755979
4.497534553302769    76.64314868290903
4.994253428371713    77.10644635131735
5.5033169496038425    78.39366277064988
5.989667070655884    78.15965794370223
6.495598220080854    79.38055746097284
6.999180994114712    79.21397419711157
7.488462600047755    80.59872133654186
8.001239426985453    81.0004890124732
8.50899397292564    81.19519909931117
8.991801194981441    82.20380686177096
9.480865653330039    82.33898571030448
9.994331445257874    82.02284175086545
10.484036281155094    83.60701913822439
10.97806418961826    84.19868076187997
11.488209733312994    83.3635209008618
12.010053848662745    84.89081354817642
12.500580023762588    85.52363666741482
13.013203136764492    85.36906765995795
13.501941483387286    85.82456073277834
13.994573853473364    86.23014282846614
14.48931205505209    87.29382818268505
14.991792802888213    88.16373591914663
15.501782858149541    87.30349407083636
15.993052304984475    89.0754470190119
16.510174524202156    89.55970458458738
16.997804803899967    90.06099799261237
17.499600666944147    89.68768660610299
17.997082027217928    91.82429493012708
18.501027027795715    91.56631065056486
18.992139285694517    92.45577378041294
19.497545782509572    92.28492973818918
